# fuyun 8 Elite Gen5 (SM8850) CPU supported frequencies (kHz) - 兜底表
# 实际频点以设备 scaling_available_frequencies 为准, 本表仅 WebUI/校验兜底
[little]
307200
427600
548000
668400
788800
909200
1029600
1150000
1270400
1390800
1511200
1631600
1752000
1872400
1992800
2113200
2233600
2354000
2474400
2594800
2715200
2835600
2956000
3076400
3196800
3317200
3437600
3558000
3678400
3798800
3800000
[big]
307200
455200
603200
751200
899200
1047200
1195200
1343200
1491200
1639200
1787200
1935200
2083200
2231200
2379200
2527200
2675200
2823200
2971200
3119200
3267200
3415200
3563200
3711200
3859200
4007200
4155200
4303200
4451200
4599200
4600000
