# fuyun 8 Gen3 (SM8650) CPU supported frequencies (kHz) - 兜底表
# 实际频点以设备 scaling_available_frequencies 为准, 本表仅 WebUI/校验兜底
[little]
300000
393600
487200
580800
674400
768000
861600
955200
1048800
1142400
1236000
1329600
1423200
1516800
1610400
1704000
1797600
1891200
1984800
2078400
2172000
2265600
[mid]
403200
497900
592600
687300
782000
876700
971400
1066100
1160800
1255500
1350200
1444900
1539600
1634300
1729000
1823700
1918400
2013100
2107800
2202500
2297200
2391900
2486600
2581300
2676000
2770700
2865400
2960100
3054800
3148800
[big]
499200
595800
692400
789000
885600
982200
1078800
1175400
1272000
1368600
1465200
1561800
1658400
1755000
1851600
1948200
2044800
2141400
2238000
2334600
2431200
2527800
2624400
2721000
2817600
2914200
3010800
3107400
3204000
3300000
