# fuyun 8 Gen2 (SM8550) CPU supported frequencies (kHz)
# [little] = CPU0-2, [mid] = CPU3-6, [big] = CPU7
[little]
307200
441600
556800
672000
787200
902400
1017600
1113600
1228800
1344000
1459200
1555200
1670400
1785600
1900800
2016000
[mid]
499200
614400
729600
844800
940800
1056000
1171200
1286400
1401600
1536000
1651200
1785600
1920000
2054400
2188800
2323200
2457600
2592000
2707200
2803200
[big]
595200
729600
864000
998400
1132800
1248000
1363200
1478400
1593600
1708800
1843200
1977600
2092800
2227200
2342400
2476800
2592000
2726400
2841600
2956800
3187200
