# fuyun 8 Elite (SM8750) CPU supported frequencies (kHz) - 兜底表
# 实际频点以设备 scaling_available_frequencies 为准, 本表仅 WebUI/校验兜底
[little]
307200
418400
529600
640800
752000
863200
974400
1085600
1196800
1308000
1419200
1530400
1641600
1752800
1864000
1975200
2086400
2197600
2308800
2420000
2531200
2642400
2753600
2864800
2976000
3087200
3198400
3309600
3420800
3532000
3532800
[big]
307200
445600
584000
722400
860800
999200
1137600
1276000
1414400
1552800
1691200
1829600
1968000
2106400
2244800
2383200
2521600
2660000
2798400
2936800
3075200
3213600
3352000
3490400
3628800
3767200
3905600
4044000
4182400
4320000
